3.9767441860465116
3.046511627906977
4.4186046511627906
3.930232558139535
3.5813953488372094
2.6279069767441863
4.441860465116279
3.325581395348838
2.0930232558139537
1.72093023255814
2.162790697674419
1.9302325581395352
3.558139534883721
2.7906976744186047
4.4186046511627906
3.279069767441861
3.813953488372093
2.86046511627907
4.4186046511627906
3.6976744186046515
2.7906976744186047
2.3255813953488373
3.4186046511627906
3.023255813953489
3.558139534883721
2.674418604651163
4.372093023255815
2.930232558139535
3.488372093023256
3.2790697674418605
3.7209302325581395
3.5348837209302326
3.441860465116279
3.302325581395349
3.883720930232558
3.511627906976744
3.046511627906977
2.883720930232558
2.5813953488372094
2.6511627906976742
3.6279069767441863
3.6976744186046515
3.5348837209302326
3.6046511627906974
4.0
3.7209302325581395
3.581395348837209
3.7209302325581395
3.6744186046511627
3.4186046511627906
3.4186046511627906
3.325581395348837
3.953488372093023
3.558139534883721
3.837209302325581
3.883720930232558
3.093023255813953
2.5348837209302326
4.4186046511627906
3.4186046511627906
2.395348837209302
2.441860465116279
3.5348837209302326
3.2093023255813953
1.883720930232558
2.0232558139534884
2.325581395348837
2.0232558139534884
2.1162790697674416
2.6511627906976742
3.1162790697674416
3.441860465116279
2.209302325581395
2.9069767441860463
3.488372093023256
3.534883720930232
2.209302325581395
3.0697674418604652
3.2325581395348837
3.837209302325581
2.3023255813953485
2.953488372093023
3.3023255813953485
3.4883720930232553